2.042915880680084229e+00
1.613185393810272261e+00
1.359137976169586093e+00
1.208816230297088623e+00
1.105445981025695801e+00
1.287148034572601407e+00
1.194746506214141801e+00
1.176247966289520219e+00
1.167324197292327836e+00
1.152093344926834018e+00
1.207422280311584384e+00
1.094746011495590254e+00
1.082244813442230225e+00
1.139056116342544556e+00
1.061349707841873213e+00
1.114555841684341519e+00
1.045550864934921220e+00
1.055726462602615268e+00
1.040622609853744551e+00
1.071583622694015414e+00
9.994659423828125000e-01
1.020964038372039751e+00
9.998685657978058083e-01
1.044015651941299527e+00
1.012580633163452148e+00
9.780639410018920898e-01
9.836809933185577393e-01
9.929133415222167747e-01
9.940046548843384233e-01
9.713658511638640913e-01
9.504100382328033447e-01
9.272531151771545854e-01
9.643007457256317361e-01
1.017221385240554721e+00
9.553929626941680686e-01
1.015026330947875977e+00
9.746696591377258523e-01
9.546681225299835649e-01
9.381304144859313743e-01
9.036464512348174605e-01
8.717139661312103271e-01
9.017184853553772417e-01
9.309079289436340554e-01
8.830423355102539062e-01
8.467877447605133279e-01
8.565098762512206587e-01
8.557750821113586648e-01
8.138195335865020530e-01
8.629674375057220237e-01
8.664705514907836692e-01
9.640922665596007857e-01
9.989321112632751909e-01
8.880723655223846658e-01
1.024020564556121782e+00
9.943095862865447554e-01
9.673244476318358931e-01
8.661190271377563477e-01
8.415207207202911599e-01
1.155096113681793213e+00
1.048011499643325850e+00
1.016757893562316939e+00
9.266339778900146706e-01
8.838876545429229514e-01
8.350247561931609663e-01
7.745562791824340820e-01
7.797665059566497581e-01
9.168255865573883279e-01
9.069424867630004883e-01
9.371309280395507812e-01
8.962695717811584029e-01
7.761614203453064409e-01
8.551203370094299094e-01
7.169152498245239258e-01
7.175788462162018266e-01
7.827372908592223899e-01
8.654578775167465210e-01
8.283507108688354936e-01
7.759599626064300759e-01
7.377364337444305420e-01
7.672304689884186235e-01
6.130688577890396340e-01
8.815882265567779319e-01
9.865634262561797652e-01
9.697891235351562278e-01
7.306043028831481490e-01
6.283896863460540771e-01
6.612806797027588335e-01
7.297832310199737771e-01
6.780206799507141335e-01
6.156335651874542680e-01
5.904430657625198142e-01
6.348517894744872825e-01
6.222186625003814919e-01
6.264831751585007158e-01
8.402909815311432329e-01
1.287040388584137052e+00
1.065513789653778076e+00
8.897986292839050737e-01
7.922970652580261230e-01
7.180659651756287065e-01
