5.760474026203155073e-01
5.251644551753997803e-01
5.023231774568557295e-01
4.624491989612579124e-01
4.518245428800582997e-01
4.693841725587845071e-01
4.543592065572738536e-01
4.506492674350738303e-01
4.563685417175292747e-01
4.537477523088455089e-01
4.642882704734802024e-01
4.435469090938568004e-01
4.460992127656936423e-01
4.429150670766830444e-01
4.438935637474060170e-01
4.526686251163482555e-01
4.560038745403289795e-01
4.404488980770110973e-01
4.266019165515899658e-01
4.372375875711441151e-01
4.301077187061309592e-01
4.243855327367782593e-01
4.290596634149551614e-01
4.270961493253707664e-01
4.261264950037002563e-01
4.289962470531463734e-01
4.074868470430373923e-01
4.150282472372054943e-01
4.182389348745346180e-01
4.182469204068183788e-01
4.079384207725524902e-01
3.973264455795287864e-01
3.994770258665084617e-01
4.139879524707794078e-01
4.026965409517287986e-01
4.102206408977508434e-01
4.097042083740234375e-01
4.059865891933441273e-01
3.896575003862380870e-01
3.779403463006019703e-01
3.666232556104659923e-01
3.638979122042655945e-01
3.671474888920783775e-01
3.549369722604751587e-01
3.524304598569870106e-01
3.539139613509177940e-01
3.484289184212684409e-01
3.404061272740364075e-01
3.423105984926223533e-01
3.379223406314849631e-01
3.807801872491836659e-01
3.788726687431335227e-01
3.560494333505630493e-01
3.826684594154358132e-01
4.018127575516700634e-01
3.753246366977691650e-01
3.666195571422576904e-01
3.485021591186523438e-01
4.313404500484466775e-01
4.183442771434783825e-01
4.065166994929313438e-01
3.790038704872131237e-01
3.614081114530563466e-01
3.390862107276916282e-01
3.223979294300079457e-01
3.182575374841690174e-01
3.368476867675781472e-01
3.483124762773514016e-01
3.587447419762611611e-01
3.379412457346916421e-01
3.138590276241302601e-01
3.124839872121810691e-01
2.795491129159927146e-01
2.699927866458892711e-01
3.083291627466678841e-01
3.117645189166068920e-01
3.014984101057052723e-01
2.828351967036724091e-01
2.835797183215618134e-01
2.784628037363290898e-01
2.636692136526107566e-01
3.020846828818321006e-01
3.174178525805473328e-01
3.033907055854797585e-01
2.809008717536926047e-01
2.669180251657962688e-01
2.637945458292961232e-01
2.967065349221229553e-01
2.805535912513733021e-01
2.683625981211662515e-01
2.580876931548118369e-01
2.596306569874286541e-01
2.683975636959076150e-01
2.663176491856574790e-01
2.964150361716747506e-01
4.976779282093047874e-01
3.987068533897399902e-01
3.581293374300003052e-01
3.160700365900993569e-01
3.065148301422596089e-01
