3.846230208873748779e-01
3.617229660352070941e-01
3.947685956954956055e-01
4.199441174666087018e-01
3.775636653105418072e-01
3.683544794718424664e-01
3.916314542293548584e-01
3.892048696676890240e-01
3.756113251050313129e-01
3.918740550676981793e-01
3.705616692701975690e-01
3.689694305260975971e-01
3.968792259693145752e-01
3.878179490566253662e-01
3.732809027036030902e-01
3.638280332088470459e-01
3.731771111488342285e-01
3.532563845316569195e-01
3.371484577655792236e-01
3.490332563718159808e-01
3.632088154554367065e-01
3.851069708665211810e-01
3.687684635321299420e-01
3.288875768582026349e-01
3.621090849240620746e-01
3.362879554430643902e-01
3.387868205706278668e-01
3.547517756621043072e-01
3.509867290655772076e-01
3.585697412490844727e-01
3.196114997069041119e-01
3.471972544987996234e-01
3.457269966602325439e-01
3.181228737036387311e-01
3.142834206422169818e-01
3.062770565350850238e-01
3.462751607100169049e-01
3.309524556001027240e-01
3.226154645284016742e-01
3.351441522439320697e-01
2.789795448382695331e-01
3.152313182751337872e-01
3.071787158648173199e-01
2.671804229418436871e-01
2.800565809011459351e-01
2.470285147428512573e-01
2.982382575670878277e-01
2.480000555515289307e-01
2.373761236667633057e-01
2.597627242406209125e-01
3.308052519957224713e-01
2.936920026938120709e-01
3.010517905155817853e-01
2.807204176982243671e-01
2.840376844008763446e-01
3.175330112377802716e-01
2.991429964701334820e-01
2.153987189133962088e-01
3.696954647699992047e-01
3.122371733188629150e-01
2.727777808904647827e-01
2.955648899078369141e-01
2.323737889528274536e-01
2.210078537464141846e-01
1.959618702530860901e-01
2.739967654148737775e-01
2.951742311318715228e-01
2.219577779372533255e-01
2.607282996177673340e-01
2.789736886819203510e-01
1.950211127599080496e-01
2.165804008642832346e-01
1.806412637233734131e-01
1.801404158274332590e-01
2.136371135711669922e-01
1.925086577733357840e-01
2.181688596804936819e-01
1.944777319828669138e-01
2.324315657218297415e-01
1.620299443602561951e-01
1.634467442830403738e-01
1.516953210035959787e-01
2.799812853336334229e-01
1.767807776729265756e-01
1.652203773458798819e-01
1.294820494949817657e-01
1.394374954203764505e-01
2.359525611003240042e-01
1.773350623746713095e-01
1.150429646174113002e-01
1.191640285154183659e-01
1.199800694982210841e-01
1.463549931844075613e-01
1.196061472098032680e-01
1.152765204509099278e-01
3.454374372959136963e-01
2.946620533863703595e-01
2.488370289405187064e-01
1.911024898290634155e-01
2.308331603805224008e-01
