1.254393895467122322e+00
1.069313625494639153e+00
1.124849001566569084e+00
1.046076377232869392e+00
1.070647060871124268e+00
1.037731130917866951e+00
1.088905254999796623e+00
1.089557011922200447e+00
1.004739503065745110e+00
1.108232458432515388e+00
9.718964497248331336e-01
9.347641865412393836e-01
1.080247282981872559e+00
9.737396637598673133e-01
9.939014315605163574e-01
9.847046534220377234e-01
9.607970515886942175e-01
9.644460280736287805e-01
9.239597519238790246e-01
9.553803404172261926e-01
9.448309342066446570e-01
9.376389384269714355e-01
9.476708769798278809e-01
9.216190377871195105e-01
9.710456331570943567e-01
8.958601752916971472e-01
9.271225929260253906e-01
9.254537423451741907e-01
9.090507825215657922e-01
9.471373955408731726e-01
8.756095170974731445e-01
8.778384725252786902e-01
9.803101619084676477e-01
9.054025212923685340e-01
8.953434228897094727e-01
8.880623579025268555e-01
8.812791903813680383e-01
8.972661892573038367e-01
8.648460308710733679e-01
8.514177401860555383e-01
8.514125943183898926e-01
8.526170253753662109e-01
8.469926714897155762e-01
7.910634477933248254e-01
7.890115181605020789e-01
7.526016831398010254e-01
8.139014442761739465e-01
7.123960455258687707e-01
7.339475750923156738e-01
7.863511244455972937e-01
8.830553690592447547e-01
8.381920059521993371e-01
8.575602571169534949e-01
8.434573014577230188e-01
8.178836901982625696e-01
8.616465330123901367e-01
8.705606063206990930e-01
7.923978964487711218e-01
9.920076926549276086e-01
8.789005478223165246e-01
8.074140946070352820e-01
8.164972265561422082e-01
7.319437464078267785e-01
6.957746346791585657e-01
6.560630997021993371e-01
7.857717672983804968e-01
8.395206133524576453e-01
7.280177871386209754e-01
7.702446579933166504e-01
8.165660897890726355e-01
7.104514439900716516e-01
7.106415629386901855e-01
6.143019994099935266e-01
6.596616109212239953e-01
8.337340752283731726e-01
6.937550703684488562e-01
7.177959879239400598e-01
6.751906673113504675e-01
8.149715463320413855e-01
5.275261799494425086e-01
6.687825322151184082e-01
6.793596943219503137e-01
1.072978695233662849e+00
6.466162602106729773e-01
5.407974024613698694e-01
5.591472784678140906e-01
5.282218456268310547e-01
7.911219398180643347e-01
4.521470864613850726e-01
4.217720230420430316e-01
4.583350817362467633e-01
3.927932679653167725e-01
5.647135078907012939e-01
4.078680078188578473e-01
4.281456271807352887e-01
1.118382235368092781e+00
8.706155419349670410e-01
7.439395387967427942e-01
6.455999414126077918e-01
6.448608835538228723e-01
